[9, 51, 34, 92, 21]
[9, 51, 34, 92, 21]
DeepSea_10 MBBSDP: solve in 146 episode
[9, 51, 34, 92, 21]
[9, 51, 34, 92, 21]
[9, 51, 34, 92, 21]
[9, 51, 34, 92, 21]
[9, 51, 34, 92, 21]
DeepSea_10 MBBSDP: solve in 28 episode
[9, 51, 34, 92, 21]
[9, 51, 34, 92, 21]
DeepSea_10 MBBSDP: solve in 136 episode
[9, 51, 34, 92, 21]
[9, 51, 34, 92, 21]
[9, 51, 34, 92, 21]
DeepSea_10 MBBSDP: solve in 110 episode
[9, 51, 34, 92, 21]
[9, 51, 34, 92, 21]
[9, 51, 34, 92, 21]
[9, 51, 34, 92, 21]
DeepSea_10 MBBSDP: solve in 203 episode
[51, 9, 34, 92, 21]
[51, 9, 34, 92, 21]
[51, 9, 34, 92, 21]
[51, 9, 34, 92, 21]
[51, 9, 34, 92, 21]
[51, 9, 34, 92, 21]
[51, 9, 34, 92, 21]
[51, 9, 34, 92, 21]
[51, 9, 34, 92, 21]
[51, 9, 34, 92, 21]
[51, 9, 34, 92, 21]
[51, 9, 34, 92, 21]
[51, 9, 34, 92, 21]
[51, 9, 34, 92, 21]
[51, 9, 34, 92, 21]
[51, 9, 34, 92, 21]
DeepSea_10 MBBSDP: solve in 43 episode
DeepSea_10 MBBSDP: solve in 55 episode
[51, 9, 34, 92, 21]
[51, 9, 34, 92, 21]
[51, 9, 34, 92, 21]
[51, 9, 34, 92, 21]
[51, 9, 34, 92, 21]
[21, 21, 21, 21, 21]
[21, 21, 21, 21, 21]
[21, 21, 21, 21, 21]
[21, 21, 21, 21, 21]
[21, 21, 21, 21, 21]
[21, 21, 21, 21, 21]
DeepSea_5 MBBSDP: solve in 127 episode
DeepSea_5 MBBSDP: solve in 23 episode
DeepSea_5 MBBSDP: solve in 18 episode
DeepSea_5 MBBSDP: solve in 8 episode
